36
37
12
25
51
16
3
47
33
18
46
38
44
40
44
16
8
17
22
24
27
22
15
0
6
46
9
20
27
37
51
30
9
3
21
31
6
13
32
29
38
5
21
26
21
3
13
28
42
38
45
17
42
49
3
21
4
18
30
32
37
48
23
26
37
27
7
45
1
44
5
40
49
18
31
47
51
40
18
49
44
2
38
22
12
38
30
5
20
26
38
26
4
11
32
31
49
44
13
51
6
41
27
44
23
27
5
9
27
41
48
11
8
25
8
3
23
4
48
12
45
48
44
50
2
41
36
20
18
23
5
20
17
12
47
1
49
30
47
16
18
20
14
36
37
22
15
4
4
51
12
43
3
32
42
30
32
45
12
26
47
4
36
13
2
14
29
14
24
26
35
48
35
35
37
8
36
42
20
27
25
39
43
46
47
17
46
15
18
1
49
7
47
7
26
27
11
49
43
1
14
6
26
34
47
23
7
7
34
15
24
16
47
24
30
8
0
14
41
41
0
31
23
9
26
45
23
44
42
12
0
41
45
43
47
20
27
39
49
49
24
12
51
30
13
13
30
4
17
44
17
30
26
35
22
22
41
14
41
27
29
50
44
10
45
12
40
48
16
18
14
8
27
2
39
23
40
21
4
18
31
48
18
45
35
29
45
39
24
40
23
0
50
11
11
31
41
10
20
32
47
48
38
50
32
46
0
41
24
21
19
6
45
50
14
13
29
32
11
19
47
40
6
48
38
21
34
28
15
14
23
34
48
11
44
5
25
45
38
8
28
18
49
3
16
40
4
25
16
25
7
19
40
25
18
9
46
43
27
24
29
11
48
24
46
22
34
50
44
51
17
17
32
46
35
0
22
31
49
39
34
48
7
30
0
45
14
10
13
30
2
3
2
46
46
26
34
48
25
11
19
3
38
48
6
35
3
7
13
47
5
9
2
44
6
18
12
36
43
38
36
7
23
40
30
9
8
7
2
19
45
2
44
14
11
21
51
17
47
33
47
19
12
9
44
10
48
9
29
21
31
50
13
15
29
3
10
43
51
9
51
38
29
47
38
28
32
37
25
8
51
1
24
43
14
29
9
1
50
39
25
1
47
14
34
35
49
23
18
15
17
5
1
25
17
5
25
11
35
38
2
44
35
49
3
34
41
17
28
50
47
28
1
47
28
19
26
12
29
19
43
6
50
27
10
40
31
0
31
15
44
35
46
16
36
35
38
38
23
22
50
16
1
44
3
5
49
4
4
25
4
11
15
10
49
10
26
10
9
40
41
35
2
7
48
40
19
36
31
23
8
3
20
14
0
33
5
12
37
37
14
16
29
11
17
22
50
16
39
17
31
15
39
42
15
27
30
50
6
24
51
45
17
18
36
39
8
24
13
44
46
46
29
31
35
38
21
23
40
41
19
5
5
27
24
46
35
10
3
42
6
25
10
32
51
22
0
12
2
42
8
30
37
9
19
2
9
35
21
40
40
24
40
3
36
51
18
40
30
28
48
8
14
50
37
14
33
18
36
29
23
16
8
17
25
8
40
21
45
36
14
9
47
37
1
49
13
38
10
22
37
11
12
40
13
48
1
6
36
36
38
47
30
25
28
44
23
44
31
41
19
9
21
5
29
31
51
42
10
18
34
21
19
4
22
42
16
39
28
41
39
36
42
22
19
13
49
12
5
35
48
51
25
12
1
41
19
38
50
17
36
6
50
37
37
37
39
41
42
49
37
48
0
6
0
25
33
1
39
21
17
37
22
6
12
37
34
28
33
42
37
5
45
33
24
24
46
32
19
49
10
18
21
7
18
23
7
27
14
12
12
47
14
6
31
38
22
18
11
2
10
39
2
7
47
30
10
36
9
10
22
50
49
43
38
44
24
26
49
3
4
20
15
14
36
25
33
26
43
48
45
33
18
24
19
0
29
3
43
4
29
40
11
38
41
9
41
28
6
29
9
49
47
5
22
4
47
3
15
50
2
16
22
11
42
29
6
7
4
1
29
16
10
15
35
21
13
31
42
30
36
17
36
42
24
47
47
30
33
24
30
40
25
7
29
19
8
14
26
17
48
39
27
48
39
17
45
40
1
28
0
4
29
2
22
40
38
39
17
9
44
29
50
17
31
18
41
21
26
6
48
0
37
51
35
50
12
21
26
12
11
26
46
26
18
33
30
38
37
8
12
39
49
6
13
34
23
36
16
46
31
5
33
17
0
15
31
37
7
19
38
19
8
42
38
28
0
47
40
11
10
24
12
17
51
1
10
4
18
10
